                            OLS Regression Results                            
==============================================================================
Dep. Variable:        ENTRIESn_hourly   R-squared:                       0.514
Model:                            OLS   Adj. R-squared:                  0.512
Method:                 Least Squares   F-statistic:                     281.7
Date:                Thu, 26 Nov 2015   Prob (F-statistic):               0.00
Time:                        15:05:07   Log-Likelihood:            -1.1632e+06
No. Observations:              131951   AIC:                         2.327e+06
Df Residuals:                  131457   BIC:                         2.332e+06
Df Model:                         493                                         
Covariance Type:            nonrobust                                         
==============================================================================
                 coef    std err          t      P>|t|      [95.0% Conf. Int.]
------------------------------------------------------------------------------
const       1.462e+14   1.42e+14      1.033      0.302     -1.31e+14  4.24e+14
unit_R001   3.417e+13   1.72e+13      1.982      0.048      3.76e+11   6.8e+13
unit_R002   3.417e+13   1.72e+13      1.982      0.048      3.76e+11   6.8e+13
unit_R003   3.417e+13   1.72e+13      1.982      0.048      3.76e+11   6.8e+13
unit_R004   3.417e+13   1.72e+13      1.982      0.048      3.76e+11   6.8e+13
unit_R005   3.417e+13   1.72e+13      1.982      0.048      3.76e+11   6.8e+13
unit_R006   3.417e+13   1.72e+13      1.982      0.048      3.76e+11   6.8e+13
unit_R007   3.417e+13   1.72e+13      1.982      0.048      3.76e+11   6.8e+13
unit_R008   3.417e+13   1.72e+13      1.982      0.048      3.76e+11   6.8e+13
unit_R009   3.417e+13   1.72e+13      1.982      0.048      3.76e+11   6.8e+13
unit_R010   3.417e+13   1.72e+13      1.982      0.048      3.76e+11   6.8e+13
unit_R011   3.417e+13   1.72e+13      1.982      0.048      3.76e+11   6.8e+13
unit_R012   3.417e+13   1.72e+13      1.982      0.048      3.76e+11   6.8e+13
unit_R013   3.417e+13   1.72e+13      1.982      0.048      3.76e+11   6.8e+13
unit_R014   3.417e+13   1.72e+13      1.982      0.048      3.76e+11   6.8e+13
unit_R015   3.417e+13   1.72e+13      1.982      0.048      3.76e+11   6.8e+13
unit_R016   3.417e+13   1.72e+13      1.982      0.048      3.76e+11   6.8e+13
unit_R017   3.417e+13   1.72e+13      1.982      0.048      3.76e+11   6.8e+13
unit_R018   3.417e+13   1.72e+13      1.982      0.048      3.76e+11   6.8e+13
unit_R019   3.417e+13   1.72e+13      1.982      0.048      3.76e+11   6.8e+13
unit_R020   3.417e+13   1.72e+13      1.982      0.048      3.76e+11   6.8e+13
unit_R021   3.417e+13   1.72e+13      1.982      0.048      3.76e+11   6.8e+13
unit_R022   3.417e+13   1.72e+13      1.982      0.048      3.76e+11   6.8e+13
unit_R023   3.417e+13   1.72e+13      1.982      0.048      3.76e+11   6.8e+13
unit_R024   3.417e+13   1.72e+13      1.982      0.048      3.76e+11   6.8e+13
unit_R025   3.417e+13   1.72e+13      1.982      0.048      3.76e+11   6.8e+13
unit_R027   3.417e+13   1.72e+13      1.982      0.048      3.76e+11   6.8e+13
unit_R028   3.417e+13   1.72e+13      1.982      0.048      3.76e+11   6.8e+13
unit_R029   3.417e+13   1.72e+13      1.982      0.048      3.76e+11   6.8e+13
unit_R030   3.417e+13   1.72e+13      1.982      0.048      3.76e+11   6.8e+13
unit_R031   3.417e+13   1.72e+13      1.982      0.048      3.76e+11   6.8e+13
unit_R032   3.417e+13   1.72e+13      1.982      0.048      3.76e+11   6.8e+13
unit_R033   3.417e+13   1.72e+13      1.982      0.048      3.76e+11   6.8e+13
unit_R034   3.417e+13   1.72e+13      1.982      0.048      3.76e+11   6.8e+13
unit_R035   3.417e+13   1.72e+13      1.982      0.048      3.76e+11   6.8e+13
unit_R036   3.417e+13   1.72e+13      1.982      0.048      3.76e+11   6.8e+13
unit_R037   3.417e+13   1.72e+13      1.982      0.048      3.76e+11   6.8e+13
unit_R038   3.417e+13   1.72e+13      1.982      0.048      3.76e+11   6.8e+13
unit_R039   3.417e+13   1.72e+13      1.982      0.048      3.76e+11   6.8e+13
unit_R040   3.417e+13   1.72e+13      1.982      0.048      3.76e+11   6.8e+13
unit_R041   3.417e+13   1.72e+13      1.982      0.048      3.76e+11   6.8e+13
unit_R042   3.417e+13   1.72e+13      1.982      0.048      3.76e+11   6.8e+13
unit_R043   3.417e+13   1.72e+13      1.982      0.048      3.76e+11   6.8e+13
unit_R044   3.417e+13   1.72e+13      1.982      0.048      3.76e+11   6.8e+13
unit_R045   3.417e+13   1.72e+13      1.982      0.048      3.76e+11   6.8e+13
unit_R046   3.417e+13   1.72e+13      1.982      0.048      3.76e+11   6.8e+13
unit_R047   3.417e+13   1.72e+13      1.982      0.048      3.76e+11   6.8e+13
unit_R048   3.417e+13   1.72e+13      1.982      0.048      3.76e+11   6.8e+13
unit_R049   3.417e+13   1.72e+13      1.982      0.048      3.76e+11   6.8e+13
unit_R050   3.417e+13   1.72e+13      1.982      0.048      3.76e+11   6.8e+13
unit_R051   3.417e+13   1.72e+13      1.982      0.048      3.76e+11   6.8e+13
unit_R052   3.417e+13   1.72e+13      1.982      0.048      3.76e+11   6.8e+13
unit_R053   3.417e+13   1.72e+13      1.982      0.048      3.76e+11   6.8e+13
unit_R054   3.417e+13   1.72e+13      1.982      0.048      3.76e+11   6.8e+13
unit_R055   3.417e+13   1.72e+13      1.982      0.048      3.76e+11   6.8e+13
unit_R056   3.417e+13   1.72e+13      1.982      0.048      3.76e+11   6.8e+13
unit_R057   3.417e+13   1.72e+13      1.982      0.048      3.76e+11   6.8e+13
unit_R058   3.417e+13   1.72e+13      1.982      0.048      3.76e+11   6.8e+13
unit_R059   3.417e+13   1.72e+13      1.982      0.048      3.76e+11   6.8e+13
unit_R060   3.417e+13   1.72e+13      1.982      0.048      3.76e+11   6.8e+13
unit_R061   3.417e+13   1.72e+13      1.982      0.048      3.76e+11   6.8e+13
unit_R062   3.417e+13   1.72e+13      1.982      0.048      3.76e+11   6.8e+13
unit_R063   3.417e+13   1.72e+13      1.982      0.048      3.76e+11   6.8e+13
unit_R064   3.417e+13   1.72e+13      1.982      0.048      3.76e+11   6.8e+13
unit_R065   3.417e+13   1.72e+13      1.982      0.048      3.76e+11   6.8e+13
unit_R066   3.417e+13   1.72e+13      1.982      0.048      3.76e+11   6.8e+13
unit_R067   3.417e+13   1.72e+13      1.982      0.048      3.76e+11   6.8e+13
unit_R068   3.417e+13   1.72e+13      1.982      0.048      3.76e+11   6.8e+13
unit_R069   3.417e+13   1.72e+13      1.982      0.048      3.76e+11   6.8e+13
unit_R070   3.417e+13   1.72e+13      1.982      0.048      3.76e+11   6.8e+13
unit_R079   3.417e+13   1.72e+13      1.982      0.048      3.76e+11   6.8e+13
unit_R080   3.417e+13   1.72e+13      1.982      0.048      3.76e+11   6.8e+13
unit_R081   3.417e+13   1.72e+13      1.982      0.048      3.76e+11   6.8e+13
unit_R082   3.417e+13   1.72e+13      1.982      0.048      3.76e+11   6.8e+13
unit_R083   3.417e+13   1.72e+13      1.982      0.048      3.76e+11   6.8e+13
unit_R084   3.417e+13   1.72e+13      1.982      0.048      3.76e+11   6.8e+13
unit_R085   3.417e+13   1.72e+13      1.982      0.048      3.76e+11   6.8e+13
unit_R086   3.417e+13   1.72e+13      1.982      0.048      3.76e+11   6.8e+13
unit_R087   3.417e+13   1.72e+13      1.982      0.048      3.76e+11   6.8e+13
unit_R088   3.417e+13   1.72e+13      1.982      0.048      3.76e+11   6.8e+13
unit_R089   3.417e+13   1.72e+13      1.982      0.048      3.76e+11   6.8e+13
unit_R090   3.417e+13   1.72e+13      1.982      0.048      3.76e+11   6.8e+13
unit_R091   3.417e+13   1.72e+13      1.982      0.048      3.76e+11   6.8e+13
unit_R092   3.417e+13   1.72e+13      1.982      0.048      3.76e+11   6.8e+13
unit_R093   3.417e+13   1.72e+13      1.982      0.048      3.76e+11   6.8e+13
unit_R094   3.417e+13   1.72e+13      1.982      0.048      3.76e+11   6.8e+13
unit_R095   3.417e+13   1.72e+13      1.982      0.048      3.76e+11   6.8e+13
unit_R096   3.417e+13   1.72e+13      1.982      0.048      3.76e+11   6.8e+13
unit_R097   3.417e+13   1.72e+13      1.982      0.048      3.76e+11   6.8e+13
unit_R098   3.417e+13   1.72e+13      1.982      0.048      3.76e+11   6.8e+13
unit_R099   3.417e+13   1.72e+13      1.982      0.048      3.76e+11   6.8e+13
unit_R100   3.417e+13   1.72e+13      1.982      0.048      3.76e+11   6.8e+13
unit_R101   3.417e+13   1.72e+13      1.982      0.048      3.76e+11   6.8e+13
unit_R102   3.417e+13   1.72e+13      1.982      0.048      3.76e+11   6.8e+13
unit_R103   3.417e+13   1.72e+13      1.982      0.048      3.76e+11   6.8e+13
unit_R104   3.417e+13   1.72e+13      1.982      0.048      3.76e+11   6.8e+13
unit_R105   3.417e+13   1.72e+13      1.982      0.048      3.76e+11   6.8e+13
unit_R106   3.417e+13   1.72e+13      1.982      0.048      3.76e+11   6.8e+13
unit_R107   3.417e+13   1.72e+13      1.982      0.048      3.76e+11   6.8e+13
unit_R108   3.417e+13   1.72e+13      1.982      0.048      3.76e+11   6.8e+13
unit_R109   3.417e+13   1.72e+13      1.982      0.048      3.76e+11   6.8e+13
unit_R110   3.417e+13   1.72e+13      1.982      0.048      3.76e+11   6.8e+13
unit_R111   3.417e+13   1.72e+13      1.982      0.048      3.76e+11   6.8e+13
unit_R112   3.417e+13   1.72e+13      1.982      0.048      3.76e+11   6.8e+13
unit_R113   3.417e+13   1.72e+13      1.982      0.048      3.76e+11   6.8e+13
unit_R114   3.417e+13   1.72e+13      1.982      0.048      3.76e+11   6.8e+13
unit_R115   3.417e+13   1.72e+13      1.982      0.048      3.76e+11   6.8e+13
unit_R116   3.417e+13   1.72e+13      1.982      0.048      3.76e+11   6.8e+13
unit_R117   3.417e+13   1.72e+13      1.982      0.048      3.76e+11   6.8e+13
unit_R118   3.417e+13   1.72e+13      1.982      0.048      3.76e+11   6.8e+13
unit_R119   3.417e+13   1.72e+13      1.982      0.048      3.76e+11   6.8e+13
unit_R120   3.417e+13   1.72e+13      1.982      0.048      3.76e+11   6.8e+13
unit_R121   3.417e+13   1.72e+13      1.982      0.048      3.76e+11   6.8e+13
unit_R122   3.417e+13   1.72e+13      1.982      0.048      3.76e+11   6.8e+13
unit_R123   3.417e+13   1.72e+13      1.982      0.048      3.76e+11   6.8e+13
unit_R124   3.417e+13   1.72e+13      1.982      0.048      3.76e+11   6.8e+13
unit_R125   3.417e+13   1.72e+13      1.982      0.048      3.76e+11   6.8e+13
unit_R126   3.417e+13   1.72e+13      1.982      0.048      3.76e+11   6.8e+13
unit_R127   3.417e+13   1.72e+13      1.982      0.048      3.76e+11   6.8e+13
unit_R128   3.417e+13   1.72e+13      1.982      0.048      3.76e+11   6.8e+13
unit_R129   3.417e+13   1.72e+13      1.982      0.048      3.76e+11   6.8e+13
unit_R130   3.417e+13   1.72e+13      1.982      0.048      3.76e+11   6.8e+13
unit_R131   3.417e+13   1.72e+13      1.982      0.048      3.76e+11   6.8e+13
unit_R132   3.417e+13   1.72e+13      1.982      0.048      3.76e+11   6.8e+13
unit_R133   3.417e+13   1.72e+13      1.982      0.048      3.76e+11   6.8e+13
unit_R134   3.417e+13   1.72e+13      1.982      0.048      3.76e+11   6.8e+13
unit_R135   3.417e+13   1.72e+13      1.982      0.048      3.76e+11   6.8e+13
unit_R136   3.417e+13   1.72e+13      1.982      0.048      3.76e+11   6.8e+13
unit_R137   3.417e+13   1.72e+13      1.982      0.048      3.76e+11   6.8e+13
unit_R138   3.417e+13   1.72e+13      1.982      0.048      3.76e+11   6.8e+13
unit_R139   3.417e+13   1.72e+13      1.982      0.048      3.76e+11   6.8e+13
unit_R140   3.417e+13   1.72e+13      1.982      0.048      3.76e+11   6.8e+13
unit_R141   3.417e+13   1.72e+13      1.982      0.048      3.76e+11   6.8e+13
unit_R142   3.417e+13   1.72e+13      1.982      0.048      3.76e+11   6.8e+13
unit_R143   3.417e+13   1.72e+13      1.982      0.048      3.76e+11   6.8e+13
unit_R144   3.417e+13   1.72e+13      1.982      0.048      3.76e+11   6.8e+13
unit_R145   3.417e+13   1.72e+13      1.982      0.048      3.76e+11   6.8e+13
unit_R146   3.417e+13   1.72e+13      1.982      0.048      3.76e+11   6.8e+13
unit_R147   3.417e+13   1.72e+13      1.982      0.048      3.76e+11   6.8e+13
unit_R148   3.417e+13   1.72e+13      1.982      0.048      3.76e+11   6.8e+13
unit_R149   3.417e+13   1.72e+13      1.982      0.048      3.76e+11   6.8e+13
unit_R150   3.417e+13   1.72e+13      1.982      0.048      3.76e+11   6.8e+13
unit_R151   3.417e+13   1.72e+13      1.982      0.048      3.76e+11   6.8e+13
unit_R152   3.417e+13   1.72e+13      1.982      0.048      3.76e+11   6.8e+13
unit_R153   3.417e+13   1.72e+13      1.982      0.048      3.76e+11   6.8e+13
unit_R154   3.417e+13   1.72e+13      1.982      0.048      3.76e+11   6.8e+13
unit_R155   3.417e+13   1.72e+13      1.982      0.048      3.76e+11   6.8e+13
unit_R156   3.417e+13   1.72e+13      1.982      0.048      3.76e+11   6.8e+13
unit_R157   3.417e+13   1.72e+13      1.982      0.048      3.76e+11   6.8e+13
unit_R158   3.417e+13   1.72e+13      1.982      0.048      3.76e+11   6.8e+13
unit_R159   3.417e+13   1.72e+13      1.982      0.048      3.76e+11   6.8e+13
unit_R160   3.417e+13   1.72e+13      1.982      0.048      3.76e+11   6.8e+13
unit_R161   3.417e+13   1.72e+13      1.982      0.048      3.76e+11   6.8e+13
unit_R163   3.417e+13   1.72e+13      1.982      0.048      3.76e+11   6.8e+13
unit_R164   3.417e+13   1.72e+13      1.982      0.048      3.76e+11   6.8e+13
unit_R165   3.417e+13   1.72e+13      1.982      0.048      3.76e+11   6.8e+13
unit_R166   3.417e+13   1.72e+13      1.982      0.048      3.76e+11   6.8e+13
unit_R167   3.417e+13   1.72e+13      1.982      0.048      3.76e+11   6.8e+13
unit_R168   3.417e+13   1.72e+13      1.982      0.048      3.76e+11   6.8e+13
unit_R169   3.417e+13   1.72e+13      1.982      0.048      3.76e+11   6.8e+13
unit_R170   3.417e+13   1.72e+13      1.982      0.048      3.76e+11   6.8e+13
unit_R171   3.417e+13   1.72e+13      1.982      0.048      3.76e+11   6.8e+13
unit_R172   3.417e+13   1.72e+13      1.982      0.048      3.76e+11   6.8e+13
unit_R173   3.417e+13   1.72e+13      1.982      0.048      3.76e+11   6.8e+13
unit_R174   3.417e+13   1.72e+13      1.982      0.048      3.76e+11   6.8e+13
unit_R175   3.417e+13   1.72e+13      1.982      0.048      3.76e+11   6.8e+13
unit_R176   3.417e+13   1.72e+13      1.982      0.048      3.76e+11   6.8e+13
unit_R177   3.417e+13   1.72e+13      1.982      0.048      3.76e+11   6.8e+13
unit_R178   3.417e+13   1.72e+13      1.982      0.048      3.76e+11   6.8e+13
unit_R179   3.417e+13   1.72e+13      1.982      0.048      3.76e+11   6.8e+13
unit_R180   3.417e+13   1.72e+13      1.982      0.048      3.76e+11   6.8e+13
unit_R181   3.417e+13   1.72e+13      1.982      0.048      3.76e+11   6.8e+13
unit_R182   3.417e+13   1.72e+13      1.982      0.048      3.76e+11   6.8e+13
unit_R183   3.417e+13   1.72e+13      1.982      0.048      3.76e+11   6.8e+13
unit_R184   3.417e+13   1.72e+13      1.982      0.048      3.76e+11   6.8e+13
unit_R185   3.417e+13   1.72e+13      1.982      0.048      3.76e+11   6.8e+13
unit_R186   3.417e+13   1.72e+13      1.982      0.048      3.76e+11   6.8e+13
unit_R187   3.417e+13   1.72e+13      1.982      0.048      3.76e+11   6.8e+13
unit_R188   3.417e+13   1.72e+13      1.982      0.048      3.76e+11   6.8e+13
unit_R189   3.417e+13   1.72e+13      1.982      0.048      3.76e+11   6.8e+13
unit_R190   3.417e+13   1.72e+13      1.982      0.048      3.76e+11   6.8e+13
unit_R191   3.417e+13   1.72e+13      1.982      0.048      3.76e+11   6.8e+13
unit_R192   3.417e+13   1.72e+13      1.982      0.048      3.76e+11   6.8e+13
unit_R193   3.417e+13   1.72e+13      1.982      0.048      3.76e+11   6.8e+13
unit_R194   3.417e+13   1.72e+13      1.982      0.048      3.76e+11   6.8e+13
unit_R195   3.417e+13   1.72e+13      1.982      0.048      3.76e+11   6.8e+13
unit_R196   3.417e+13   1.72e+13      1.982      0.048      3.76e+11   6.8e+13
unit_R197   3.417e+13   1.72e+13      1.982      0.048      3.76e+11   6.8e+13
unit_R198   3.417e+13   1.72e+13      1.982      0.048      3.76e+11   6.8e+13
unit_R199   3.417e+13   1.72e+13      1.982      0.048      3.76e+11   6.8e+13
unit_R200   3.417e+13   1.72e+13      1.982      0.048      3.76e+11   6.8e+13
unit_R201   3.417e+13   1.72e+13      1.982      0.048      3.76e+11   6.8e+13
unit_R202   3.417e+13   1.72e+13      1.982      0.048      3.76e+11   6.8e+13
unit_R203   3.417e+13   1.72e+13      1.982      0.048      3.76e+11   6.8e+13
unit_R204   3.417e+13   1.72e+13      1.982      0.048      3.76e+11   6.8e+13
unit_R205   3.417e+13   1.72e+13      1.982      0.048      3.76e+11   6.8e+13
unit_R206   3.417e+13   1.72e+13      1.982      0.048      3.76e+11   6.8e+13
unit_R207   3.417e+13   1.72e+13      1.982      0.048      3.76e+11   6.8e+13
unit_R208   3.417e+13   1.72e+13      1.982      0.048      3.76e+11   6.8e+13
unit_R209   3.417e+13   1.72e+13      1.982      0.048      3.76e+11   6.8e+13
unit_R210   3.417e+13   1.72e+13      1.982      0.048      3.76e+11   6.8e+13
unit_R211   3.417e+13   1.72e+13      1.982      0.048      3.76e+11   6.8e+13
unit_R212   3.417e+13   1.72e+13      1.982      0.048      3.76e+11   6.8e+13
unit_R213   3.417e+13   1.72e+13      1.982      0.048      3.76e+11   6.8e+13
unit_R214   3.417e+13   1.72e+13      1.982      0.048      3.76e+11   6.8e+13
unit_R215   3.417e+13   1.72e+13      1.982      0.048      3.76e+11   6.8e+13
unit_R216   3.417e+13   1.72e+13      1.982      0.048      3.76e+11   6.8e+13
unit_R217   3.417e+13   1.72e+13      1.982      0.048      3.76e+11   6.8e+13
unit_R218   3.417e+13   1.72e+13      1.982      0.048      3.76e+11   6.8e+13
unit_R219   3.417e+13   1.72e+13      1.982      0.048      3.76e+11   6.8e+13
unit_R220   3.417e+13   1.72e+13      1.982      0.048      3.76e+11   6.8e+13
unit_R221   3.417e+13   1.72e+13      1.982      0.048      3.76e+11   6.8e+13
unit_R222   3.417e+13   1.72e+13      1.982      0.048      3.76e+11   6.8e+13
unit_R223   3.417e+13   1.72e+13      1.982      0.048      3.76e+11   6.8e+13
unit_R224   3.417e+13   1.72e+13      1.982      0.048      3.76e+11   6.8e+13
unit_R225   3.417e+13   1.72e+13      1.982      0.048      3.76e+11   6.8e+13
unit_R226   3.417e+13   1.72e+13      1.982      0.048      3.76e+11   6.8e+13
unit_R227   3.417e+13   1.72e+13      1.982      0.048      3.76e+11   6.8e+13
unit_R228   3.417e+13   1.72e+13      1.982      0.048      3.76e+11   6.8e+13
unit_R229   3.417e+13   1.72e+13      1.982      0.048      3.76e+11   6.8e+13
unit_R230   3.417e+13   1.72e+13      1.982      0.048      3.76e+11   6.8e+13
unit_R231   3.417e+13   1.72e+13      1.982      0.048      3.76e+11   6.8e+13
unit_R232   3.417e+13   1.72e+13      1.982      0.048      3.76e+11   6.8e+13
unit_R233   3.417e+13   1.72e+13      1.982      0.048      3.76e+11   6.8e+13
unit_R234   3.417e+13   1.72e+13      1.982      0.048      3.76e+11   6.8e+13
unit_R235   3.417e+13   1.72e+13      1.982      0.048      3.76e+11   6.8e+13
unit_R236   3.417e+13   1.72e+13      1.982      0.048      3.76e+11   6.8e+13
unit_R237   3.417e+13   1.72e+13      1.982      0.048      3.76e+11   6.8e+13
unit_R238   3.417e+13   1.72e+13      1.982      0.048      3.76e+11   6.8e+13
unit_R239   3.417e+13   1.72e+13      1.982      0.048      3.76e+11   6.8e+13
unit_R240   3.417e+13   1.72e+13      1.982      0.048      3.76e+11   6.8e+13
unit_R241   3.417e+13   1.72e+13      1.982      0.048      3.76e+11   6.8e+13
unit_R242   3.417e+13   1.72e+13      1.982      0.048      3.76e+11   6.8e+13
unit_R243   3.417e+13   1.72e+13      1.982      0.048      3.76e+11   6.8e+13
unit_R244   3.417e+13   1.72e+13      1.982      0.048      3.76e+11   6.8e+13
unit_R246   3.417e+13   1.72e+13      1.982      0.048      3.76e+11   6.8e+13
unit_R247   3.417e+13   1.72e+13      1.982      0.048      3.76e+11   6.8e+13
unit_R248   3.417e+13   1.72e+13      1.982      0.048      3.76e+11   6.8e+13
unit_R249   3.417e+13   1.72e+13      1.982      0.048      3.76e+11   6.8e+13
unit_R250   3.417e+13   1.72e+13      1.982      0.048      3.76e+11   6.8e+13
unit_R251   3.417e+13   1.72e+13      1.982      0.048      3.76e+11   6.8e+13
unit_R252   3.417e+13   1.72e+13      1.982      0.048      3.76e+11   6.8e+13
unit_R253   3.417e+13   1.72e+13      1.982      0.048      3.76e+11   6.8e+13
unit_R254   3.417e+13   1.72e+13      1.982      0.048      3.76e+11   6.8e+13
unit_R255   3.417e+13   1.72e+13      1.982      0.048      3.76e+11   6.8e+13
unit_R256   3.417e+13   1.72e+13      1.982      0.048      3.76e+11   6.8e+13
unit_R257   3.417e+13   1.72e+13      1.982      0.048      3.76e+11   6.8e+13
unit_R258   3.417e+13   1.72e+13      1.982      0.048      3.76e+11   6.8e+13
unit_R259   3.417e+13   1.72e+13      1.982      0.048      3.76e+11   6.8e+13
unit_R260   3.417e+13   1.72e+13      1.982      0.048      3.76e+11   6.8e+13
unit_R261   3.417e+13   1.72e+13      1.982      0.048      3.76e+11   6.8e+13
unit_R262   3.417e+13   1.72e+13      1.982      0.048      3.76e+11   6.8e+13
unit_R263   3.417e+13   1.72e+13      1.982      0.048      3.76e+11   6.8e+13
unit_R264   3.417e+13   1.72e+13      1.982      0.048      3.76e+11   6.8e+13
unit_R265   3.417e+13   1.72e+13      1.982      0.048      3.76e+11   6.8e+13
unit_R266   3.417e+13   1.72e+13      1.982      0.048      3.76e+11   6.8e+13
unit_R267   3.417e+13   1.72e+13      1.982      0.048      3.76e+11   6.8e+13
unit_R268   3.417e+13   1.72e+13      1.982      0.048      3.76e+11   6.8e+13
unit_R269   3.417e+13   1.72e+13      1.982      0.048      3.76e+11   6.8e+13
unit_R270   3.417e+13   1.72e+13      1.982      0.048      3.76e+11   6.8e+13
unit_R271   3.417e+13   1.72e+13      1.982      0.048      3.76e+11   6.8e+13
unit_R272   3.417e+13   1.72e+13      1.982      0.048      3.76e+11   6.8e+13
unit_R273   3.417e+13   1.72e+13      1.982      0.048      3.76e+11   6.8e+13
unit_R274   3.417e+13   1.72e+13      1.982      0.048      3.76e+11   6.8e+13
unit_R275   3.417e+13   1.72e+13      1.982      0.048      3.76e+11   6.8e+13
unit_R276   3.417e+13   1.72e+13      1.982      0.048      3.76e+11   6.8e+13
unit_R277   3.417e+13   1.72e+13      1.982      0.048      3.76e+11   6.8e+13
unit_R278   3.417e+13   1.72e+13      1.982      0.048      3.76e+11   6.8e+13
unit_R279   3.417e+13   1.72e+13      1.982      0.048      3.76e+11   6.8e+13
unit_R280   3.417e+13   1.72e+13      1.982      0.048      3.76e+11   6.8e+13
unit_R281   3.417e+13   1.72e+13      1.982      0.048      3.76e+11   6.8e+13
unit_R282   3.417e+13   1.72e+13      1.982      0.048      3.76e+11   6.8e+13
unit_R283   3.417e+13   1.72e+13      1.982      0.048      3.76e+11   6.8e+13
unit_R284   3.417e+13   1.72e+13      1.982      0.048      3.76e+11   6.8e+13
unit_R285   3.417e+13   1.72e+13      1.982      0.048      3.76e+11   6.8e+13
unit_R286   3.417e+13   1.72e+13      1.982      0.048      3.76e+11   6.8e+13
unit_R287   3.417e+13   1.72e+13      1.982      0.048      3.76e+11   6.8e+13
unit_R288   3.417e+13   1.72e+13      1.982      0.048      3.76e+11   6.8e+13
unit_R289   3.417e+13   1.72e+13      1.982      0.048      3.76e+11   6.8e+13
unit_R290   3.417e+13   1.72e+13      1.982      0.048      3.76e+11   6.8e+13
unit_R291   3.417e+13   1.72e+13      1.982      0.048      3.76e+11   6.8e+13
unit_R292   3.417e+13   1.72e+13      1.982      0.048      3.76e+11   6.8e+13
unit_R293   3.417e+13   1.72e+13      1.982      0.048      3.76e+11   6.8e+13
unit_R294   3.417e+13   1.72e+13      1.982      0.048      3.76e+11   6.8e+13
unit_R295   3.417e+13   1.72e+13      1.982      0.048      3.76e+11   6.8e+13
unit_R296   3.417e+13   1.72e+13      1.982      0.048      3.76e+11   6.8e+13
unit_R297   3.417e+13   1.72e+13      1.982      0.048      3.76e+11   6.8e+13
unit_R298   3.417e+13   1.72e+13      1.982      0.048      3.76e+11   6.8e+13
unit_R299   3.417e+13   1.72e+13      1.982      0.048      3.76e+11   6.8e+13
unit_R300   3.417e+13   1.72e+13      1.982      0.048      3.76e+11   6.8e+13
unit_R301   3.417e+13   1.72e+13      1.982      0.048      3.76e+11   6.8e+13
unit_R302   3.417e+13   1.72e+13      1.982      0.048      3.76e+11   6.8e+13
unit_R303   3.417e+13   1.72e+13      1.982      0.048      3.76e+11   6.8e+13
unit_R304   3.417e+13   1.72e+13      1.982      0.048      3.76e+11   6.8e+13
unit_R306   3.417e+13   1.72e+13      1.982      0.048      3.76e+11   6.8e+13
unit_R307   3.417e+13   1.72e+13      1.982      0.048      3.76e+11   6.8e+13
unit_R308   3.417e+13   1.72e+13      1.982      0.048      3.76e+11   6.8e+13
unit_R309   3.417e+13   1.72e+13      1.982      0.048      3.76e+11   6.8e+13
unit_R310   3.417e+13   1.72e+13      1.982      0.048      3.76e+11   6.8e+13
unit_R311   3.417e+13   1.72e+13      1.982      0.048      3.76e+11   6.8e+13
unit_R312   3.417e+13   1.72e+13      1.982      0.048      3.76e+11   6.8e+13
unit_R313   3.417e+13   1.72e+13      1.982      0.048      3.76e+11   6.8e+13
unit_R314   3.417e+13   1.72e+13      1.982      0.048      3.76e+11   6.8e+13
unit_R315   3.417e+13   1.72e+13      1.982      0.048      3.76e+11   6.8e+13
unit_R316   3.417e+13   1.72e+13      1.982      0.048      3.76e+11   6.8e+13
unit_R317   3.417e+13   1.72e+13      1.982      0.048      3.76e+11   6.8e+13
unit_R318   3.417e+13   1.72e+13      1.982      0.048      3.76e+11   6.8e+13
unit_R319   3.417e+13   1.72e+13      1.982      0.048      3.76e+11   6.8e+13
unit_R320   3.417e+13   1.72e+13      1.982      0.048      3.76e+11   6.8e+13
unit_R321   3.417e+13   1.72e+13      1.982      0.048      3.76e+11   6.8e+13
unit_R322   3.417e+13   1.72e+13      1.982      0.048      3.76e+11   6.8e+13
unit_R323   3.417e+13   1.72e+13      1.982      0.048      3.76e+11   6.8e+13
unit_R324   3.417e+13   1.72e+13      1.982      0.048      3.76e+11   6.8e+13
unit_R325   3.417e+13   1.72e+13      1.982      0.048      3.76e+11   6.8e+13
unit_R326   3.417e+13   1.72e+13      1.982      0.048      3.76e+11   6.8e+13
unit_R327   3.417e+13   1.72e+13      1.982      0.048      3.76e+11   6.8e+13
unit_R328   3.417e+13   1.72e+13      1.982      0.048      3.76e+11   6.8e+13
unit_R329   3.417e+13   1.72e+13      1.982      0.048      3.76e+11   6.8e+13
unit_R330   3.417e+13   1.72e+13      1.982      0.048      3.76e+11   6.8e+13
unit_R331   3.417e+13   1.72e+13      1.982      0.048      3.76e+11   6.8e+13
unit_R332   3.417e+13   1.72e+13      1.982      0.048      3.76e+11   6.8e+13
unit_R333   3.417e+13   1.72e+13      1.982      0.048      3.76e+11   6.8e+13
unit_R334   3.417e+13   1.72e+13      1.982      0.048      3.76e+11   6.8e+13
unit_R335   3.417e+13   1.72e+13      1.982      0.048      3.76e+11   6.8e+13
unit_R336   3.417e+13   1.72e+13      1.982      0.048      3.76e+11   6.8e+13
unit_R337   3.417e+13   1.72e+13      1.982      0.048      3.76e+11   6.8e+13
unit_R338   3.417e+13   1.72e+13      1.982      0.048      3.76e+11   6.8e+13
unit_R339   3.417e+13   1.72e+13      1.982      0.048      3.76e+11   6.8e+13
unit_R340   3.417e+13   1.72e+13      1.982      0.048      3.76e+11   6.8e+13
unit_R341   3.417e+13   1.72e+13      1.982      0.048      3.76e+11   6.8e+13
unit_R342   3.417e+13   1.72e+13      1.982      0.048      3.76e+11   6.8e+13
unit_R343   3.417e+13   1.72e+13      1.982      0.048      3.76e+11   6.8e+13
unit_R344   3.417e+13   1.72e+13      1.982      0.048      3.76e+11   6.8e+13
unit_R345   3.417e+13   1.72e+13      1.982      0.048      3.76e+11   6.8e+13
unit_R346   3.417e+13   1.72e+13      1.982      0.048      3.76e+11   6.8e+13
unit_R347   3.417e+13   1.72e+13      1.982      0.048      3.76e+11   6.8e+13
unit_R348   3.417e+13   1.72e+13      1.982      0.048      3.76e+11   6.8e+13
unit_R349   3.417e+13   1.72e+13      1.982      0.048      3.76e+11   6.8e+13
unit_R350   3.417e+13   1.72e+13      1.982      0.048      3.76e+11   6.8e+13
unit_R352   3.417e+13   1.72e+13      1.982      0.048      3.76e+11   6.8e+13
unit_R353   3.417e+13   1.72e+13      1.982      0.048      3.76e+11   6.8e+13
unit_R354   3.417e+13   1.72e+13      1.982      0.048      3.76e+11   6.8e+13
unit_R355   3.417e+13   1.72e+13      1.982      0.048      3.76e+11   6.8e+13
unit_R356   3.417e+13   1.72e+13      1.982      0.048      3.76e+11   6.8e+13
unit_R357   3.417e+13   1.72e+13      1.982      0.048      3.76e+11   6.8e+13
unit_R358   3.417e+13   1.72e+13      1.982      0.048      3.76e+11   6.8e+13
unit_R359   3.417e+13   1.72e+13      1.982      0.048      3.76e+11   6.8e+13
unit_R360   3.417e+13   1.72e+13      1.982      0.048      3.76e+11   6.8e+13
unit_R361   3.417e+13   1.72e+13      1.982      0.048      3.76e+11   6.8e+13
unit_R362   3.417e+13   1.72e+13      1.982      0.048      3.76e+11   6.8e+13
unit_R363   3.417e+13   1.72e+13      1.982      0.048      3.76e+11   6.8e+13
unit_R364   3.417e+13   1.72e+13      1.982      0.048      3.76e+11   6.8e+13
unit_R365   3.417e+13   1.72e+13      1.982      0.048      3.76e+11   6.8e+13
unit_R366   3.417e+13   1.72e+13      1.982      0.048      3.76e+11   6.8e+13
unit_R367   3.417e+13   1.72e+13      1.982      0.048      3.76e+11   6.8e+13
unit_R368   3.417e+13   1.72e+13      1.982      0.048      3.76e+11   6.8e+13
unit_R369   3.417e+13   1.72e+13      1.982      0.048      3.76e+11   6.8e+13
unit_R370   3.417e+13   1.72e+13      1.982      0.048      3.76e+11   6.8e+13
unit_R371   3.417e+13   1.72e+13      1.982      0.048      3.76e+11   6.8e+13
unit_R372   3.417e+13   1.72e+13      1.982      0.048      3.76e+11   6.8e+13
unit_R373   3.417e+13   1.72e+13      1.982      0.048      3.76e+11   6.8e+13
unit_R374   3.417e+13   1.72e+13      1.982      0.048      3.76e+11   6.8e+13
unit_R375   3.417e+13   1.72e+13      1.982      0.048      3.76e+11   6.8e+13
unit_R376   3.417e+13   1.72e+13      1.982      0.048      3.76e+11   6.8e+13
unit_R377   3.417e+13   1.72e+13      1.982      0.048      3.76e+11   6.8e+13
unit_R378   3.417e+13   1.72e+13      1.982      0.048      3.76e+11   6.8e+13
unit_R379   3.417e+13   1.72e+13      1.982      0.048      3.76e+11   6.8e+13
unit_R380   3.417e+13   1.72e+13      1.982      0.048      3.76e+11   6.8e+13
unit_R381   3.417e+13   1.72e+13      1.982      0.048      3.76e+11   6.8e+13
unit_R382   3.417e+13   1.72e+13      1.982      0.048      3.76e+11   6.8e+13
unit_R383   3.417e+13   1.72e+13      1.982      0.048      3.76e+11   6.8e+13
unit_R384   3.417e+13   1.72e+13      1.982      0.048      3.76e+11   6.8e+13
unit_R385   3.417e+13   1.72e+13      1.982      0.048      3.76e+11   6.8e+13
unit_R386   3.417e+13   1.72e+13      1.982      0.048      3.76e+11   6.8e+13
unit_R387   3.417e+13   1.72e+13      1.982      0.048      3.76e+11   6.8e+13
unit_R388   3.417e+13   1.72e+13      1.982      0.048      3.76e+11   6.8e+13
unit_R389   3.417e+13   1.72e+13      1.982      0.048      3.76e+11   6.8e+13
unit_R390   3.417e+13   1.72e+13      1.982      0.048      3.76e+11   6.8e+13
unit_R391   3.417e+13   1.72e+13      1.982      0.048      3.76e+11   6.8e+13
unit_R392   3.417e+13   1.72e+13      1.982      0.048      3.76e+11   6.8e+13
unit_R393   3.417e+13   1.72e+13      1.982      0.048      3.76e+11   6.8e+13
unit_R394   3.417e+13   1.72e+13      1.982      0.048      3.76e+11   6.8e+13
unit_R395   3.417e+13   1.72e+13      1.982      0.048      3.76e+11   6.8e+13
unit_R396   3.417e+13   1.72e+13      1.982      0.048      3.76e+11   6.8e+13
unit_R397   3.417e+13   1.72e+13      1.982      0.048      3.76e+11   6.8e+13
unit_R398   3.417e+13   1.72e+13      1.982      0.048      3.76e+11   6.8e+13
unit_R399   3.417e+13   1.72e+13      1.982      0.048      3.76e+11   6.8e+13
unit_R400   3.417e+13   1.72e+13      1.982      0.048      3.76e+11   6.8e+13
unit_R401   3.417e+13   1.72e+13      1.982      0.048      3.76e+11   6.8e+13
unit_R402   3.417e+13   1.72e+13      1.982      0.048      3.76e+11   6.8e+13
unit_R403   3.417e+13   1.72e+13      1.982      0.048      3.76e+11   6.8e+13
unit_R404   3.417e+13   1.72e+13      1.982      0.048      3.76e+11   6.8e+13
unit_R405   3.417e+13   1.72e+13      1.982      0.048      3.76e+11   6.8e+13
unit_R406   3.417e+13   1.72e+13      1.982      0.048      3.76e+11   6.8e+13
unit_R407   3.417e+13   1.72e+13      1.982      0.048      3.76e+11   6.8e+13
unit_R408   3.417e+13   1.72e+13      1.982      0.048      3.76e+11   6.8e+13
unit_R409   3.417e+13   1.72e+13      1.982      0.048      3.76e+11   6.8e+13
unit_R411   3.417e+13   1.72e+13      1.982      0.048      3.76e+11   6.8e+13
unit_R412   3.417e+13   1.72e+13      1.982      0.048      3.76e+11   6.8e+13
unit_R413   3.417e+13   1.72e+13      1.982      0.048      3.76e+11   6.8e+13
unit_R414   3.417e+13   1.72e+13      1.982      0.048      3.76e+11   6.8e+13
unit_R415   3.417e+13   1.72e+13      1.982      0.048      3.76e+11   6.8e+13
unit_R416   3.417e+13   1.72e+13      1.982      0.048      3.76e+11   6.8e+13
unit_R417   3.417e+13   1.72e+13      1.982      0.048      3.76e+11   6.8e+13
unit_R418   3.417e+13   1.72e+13      1.982      0.048      3.76e+11   6.8e+13
unit_R419   3.417e+13   1.72e+13      1.982      0.048      3.76e+11   6.8e+13
unit_R420   3.417e+13   1.72e+13      1.982      0.048      3.76e+11   6.8e+13
unit_R421   3.417e+13   1.72e+13      1.982      0.048      3.76e+11   6.8e+13
unit_R422   3.417e+13   1.72e+13      1.982      0.048      3.76e+11   6.8e+13
unit_R423   3.417e+13   1.72e+13      1.982      0.048      3.76e+11   6.8e+13
unit_R424   3.417e+13   1.72e+13      1.982      0.048      3.76e+11   6.8e+13
unit_R425   3.417e+13   1.72e+13      1.982      0.048      3.76e+11   6.8e+13
unit_R426   3.417e+13   1.72e+13      1.982      0.048      3.76e+11   6.8e+13
unit_R427   3.417e+13   1.72e+13      1.982      0.048      3.76e+11   6.8e+13
unit_R428   3.417e+13   1.72e+13      1.982      0.048      3.76e+11   6.8e+13
unit_R429   3.417e+13   1.72e+13      1.982      0.048      3.76e+11   6.8e+13
unit_R430   3.417e+13   1.72e+13      1.982      0.048      3.76e+11   6.8e+13
unit_R431   3.417e+13   1.72e+13      1.982      0.048      3.76e+11   6.8e+13
unit_R432   3.417e+13   1.72e+13      1.982      0.048      3.76e+11   6.8e+13
unit_R433   3.417e+13   1.72e+13      1.982      0.048      3.76e+11   6.8e+13
unit_R434   3.417e+13   1.72e+13      1.982      0.048      3.76e+11   6.8e+13
unit_R435   3.417e+13   1.72e+13      1.982      0.048      3.76e+11   6.8e+13
unit_R436   3.417e+13   1.72e+13      1.982      0.048      3.76e+11   6.8e+13
unit_R437   3.417e+13   1.72e+13      1.982      0.048      3.76e+11   6.8e+13
unit_R438   3.417e+13   1.72e+13      1.982      0.048      3.76e+11   6.8e+13
unit_R439   3.417e+13   1.72e+13      1.982      0.048      3.76e+11   6.8e+13
unit_R440   3.417e+13   1.72e+13      1.982      0.048      3.76e+11   6.8e+13
unit_R441   3.417e+13   1.72e+13      1.982      0.048      3.76e+11   6.8e+13
unit_R442   3.417e+13   1.72e+13      1.982      0.048      3.76e+11   6.8e+13
unit_R443   3.417e+13   1.72e+13      1.982      0.048      3.76e+11   6.8e+13
unit_R444   3.417e+13   1.72e+13      1.982      0.048      3.76e+11   6.8e+13
unit_R445   3.417e+13   1.72e+13      1.982      0.048      3.76e+11   6.8e+13
unit_R446   3.417e+13   1.72e+13      1.982      0.048      3.76e+11   6.8e+13
unit_R447   3.417e+13   1.72e+13      1.982      0.048      3.76e+11   6.8e+13
unit_R448   3.417e+13   1.72e+13      1.982      0.048      3.76e+11   6.8e+13
unit_R449   3.417e+13   1.72e+13      1.982      0.048      3.76e+11   6.8e+13
unit_R450   3.417e+13   1.72e+13      1.982      0.048      3.76e+11   6.8e+13
unit_R451   3.417e+13   1.72e+13      1.982      0.048      3.76e+11   6.8e+13
unit_R452   3.417e+13   1.72e+13      1.982      0.048      3.76e+11   6.8e+13
unit_R453   3.417e+13   1.72e+13      1.982      0.048      3.76e+11   6.8e+13
unit_R454   3.417e+13   1.72e+13      1.982      0.048      3.76e+11   6.8e+13
unit_R455   3.417e+13   1.72e+13      1.982      0.048      3.76e+11   6.8e+13
unit_R456   3.417e+13   1.72e+13      1.982      0.048      3.76e+11   6.8e+13
unit_R459   3.417e+13   1.72e+13      1.982      0.048      3.76e+11   6.8e+13
unit_R460   3.417e+13   1.72e+13      1.982      0.048      3.76e+11   6.8e+13
unit_R461   3.417e+13   1.72e+13      1.982      0.048      3.76e+11   6.8e+13
unit_R462   3.417e+13   1.72e+13      1.982      0.048      3.76e+11   6.8e+13
unit_R463   3.417e+13   1.72e+13      1.982      0.048      3.76e+11   6.8e+13
unit_R464   3.417e+13   1.72e+13      1.982      0.048      3.76e+11   6.8e+13
unit_R468   3.417e+13   1.72e+13      1.982      0.048      3.76e+11   6.8e+13
unit_R469   3.417e+13   1.72e+13      1.982      0.048      3.76e+11   6.8e+13
unit_R535   3.417e+13   1.72e+13      1.982      0.048      3.76e+11   6.8e+13
unit_R536   3.417e+13   1.72e+13      1.982      0.048      3.76e+11   6.8e+13
unit_R540   3.417e+13   1.72e+13      1.982      0.048      3.76e+11   6.8e+13
unit_R541   3.417e+13   1.72e+13      1.982      0.048      3.76e+11   6.8e+13
unit_R542   3.417e+13   1.72e+13      1.982      0.048      3.76e+11   6.8e+13
unit_R543   3.417e+13   1.72e+13      1.982      0.048      3.76e+11   6.8e+13
unit_R544   3.417e+13   1.72e+13      1.982      0.048      3.76e+11   6.8e+13
unit_R545   3.417e+13   1.72e+13      1.982      0.048      3.76e+11   6.8e+13
unit_R546   3.417e+13   1.72e+13      1.982      0.048      3.76e+11   6.8e+13
unit_R547   3.417e+13   1.72e+13      1.982      0.048      3.76e+11   6.8e+13
unit_R548   3.417e+13   1.72e+13      1.982      0.048      3.76e+11   6.8e+13
unit_R549   3.417e+13   1.72e+13      1.982      0.048      3.76e+11   6.8e+13
unit_R550   3.417e+13   1.72e+13      1.982      0.048      3.76e+11   6.8e+13
unit_R551   3.417e+13   1.72e+13      1.982      0.048      3.76e+11   6.8e+13
unit_R552   3.417e+13   1.72e+13      1.982      0.048      3.76e+11   6.8e+13
hour_0      1.835e+14    1.1e+14      1.666      0.096     -3.23e+13  3.99e+14
hour_1      1.835e+14    1.1e+14      1.666      0.096     -3.23e+13  3.99e+14
hour_2      1.835e+14    1.1e+14      1.666      0.096     -3.23e+13  3.99e+14
hour_3      1.835e+14    1.1e+14      1.666      0.096     -3.23e+13  3.99e+14
hour_4      1.835e+14    1.1e+14      1.666      0.096     -3.23e+13  3.99e+14
hour_5      1.835e+14    1.1e+14      1.666      0.096     -3.23e+13  3.99e+14
hour_6      1.835e+14    1.1e+14      1.666      0.096     -3.23e+13  3.99e+14
hour_7      1.835e+14    1.1e+14      1.666      0.096     -3.23e+13  3.99e+14
hour_8      1.835e+14    1.1e+14      1.666      0.096     -3.23e+13  3.99e+14
hour_9      1.835e+14    1.1e+14      1.666      0.096     -3.23e+13  3.99e+14
hour_10     1.835e+14    1.1e+14      1.666      0.096     -3.23e+13  3.99e+14
hour_11     1.835e+14    1.1e+14      1.666      0.096     -3.23e+13  3.99e+14
hour_12     1.835e+14    1.1e+14      1.666      0.096     -3.23e+13  3.99e+14
hour_13     1.835e+14    1.1e+14      1.666      0.096     -3.23e+13  3.99e+14
hour_14     1.835e+14    1.1e+14      1.666      0.096     -3.23e+13  3.99e+14
hour_15     1.835e+14    1.1e+14      1.666      0.096     -3.23e+13  3.99e+14
hour_16     1.835e+14    1.1e+14      1.666      0.096     -3.23e+13  3.99e+14
hour_17     1.835e+14    1.1e+14      1.666      0.096     -3.23e+13  3.99e+14
hour_18     1.835e+14    1.1e+14      1.666      0.096     -3.23e+13  3.99e+14
hour_19     1.835e+14    1.1e+14      1.666      0.096     -3.23e+13  3.99e+14
hour_20     1.835e+14    1.1e+14      1.666      0.096     -3.23e+13  3.99e+14
hour_21     1.835e+14    1.1e+14      1.666      0.096     -3.23e+13  3.99e+14
hour_22     1.835e+14    1.1e+14      1.666      0.096     -3.23e+13  3.99e+14
hour_23     1.835e+14    1.1e+14      1.666      0.096     -3.23e+13  3.99e+14
0          -3.639e+14   1.76e+14     -2.063      0.039      -7.1e+14 -1.82e+13
1          -3.639e+14   1.76e+14     -2.063      0.039      -7.1e+14 -1.82e+13
2          -3.639e+14   1.76e+14     -2.063      0.039      -7.1e+14 -1.82e+13
3          -3.639e+14   1.76e+14     -2.063      0.039      -7.1e+14 -1.82e+13
4          -3.639e+14   1.76e+14     -2.063      0.039      -7.1e+14 -1.82e+13
5          -3.639e+14   1.76e+14     -2.063      0.039      -7.1e+14 -1.82e+13
6          -3.639e+14   1.76e+14     -2.063      0.039      -7.1e+14 -1.82e+13
==============================================================================
Omnibus:                   125975.488   Durbin-Watson:                   1.561
Prob(Omnibus):                  0.000   Jarque-Bera (JB):         18658316.033
Skew:                           4.224   Prob(JB):                         0.00
Kurtosis:                      60.640   Cond. No.                     1.58e+14
==============================================================================

Warnings:
[1] Standard Errors assume that the covariance matrix of the errors is correctly specified.
[2] The smallest eigenvalue is 6.48e-24. This might indicate that there are
strong multicollinearity problems or that the design matrix is singular.